000010011001000000001
000110000000000010000
001100000000000000011
100000000001000000100
000001000100000000000
001100000000000000110
100000000010000000000
001000000000001101000
000000100100000000000
011000000000101000000
011000000000011000000
001100000000000001100
000000000100000000000
100000000000001101101

new：
000010011001000000001
000110000000000010000
001100000000000000011
100000000001000000100
000001000100000000000
001100000000000000110
100000000010000000000
001000000000001001000
000000100100000000000
011000000000100000000
011000000000010000000
001100000000000001100
000000000100000000000
100000000000001001101
